VARYING INPUT:

394
392
378
356
326
292
266
254
262
266
266
274
274
275
276
277
277
277
265
265
265
265
265
264
264
266
270
266
260
256
262
286
320
344
374
390
394


0      1.000000     1.000000
10      0.879385     0.966667
20      0.532089     0.733333
30      0.000000     0.366667
40      -0.652704     -0.133333
50      -1.347296     -0.700000
60      -2.000000     -1.133333
70      -2.532089     -1.333333
80      -2.879385     -1.200000
90      -3.000000     -1.133333
100      -2.879385     -1.133333
110      -2.532089     -1.000000
120      -2.000000     -1.000000
130      -1.347296     -0.983333
140      -0.652704     -0.966667
150      -0.000000     -0.950000
160      0.532089     -0.950000
170      0.879385     -0.950000
180      1.000000     -1.150000
190      0.879385     -1.150000
200      0.532089     -1.150000
210      0.000000     -1.150000
220      -0.652704     -1.150000
230      -1.347296     -1.166667
240      -2.000000     -1.166667
250      -2.532089     -1.133333
260      -2.879385     -1.066667
270      -3.000000     -1.133333
280      -2.879385     -1.233333
290      -2.532089     -1.300000
300      -2.000000     -1.200000
310      -1.347296     -0.800000
320      -0.652704     -0.233333
330      -0.000000     0.166667
340      0.532089     0.666667
350      0.879385     0.933333
360      1.000000     1.000000




CPT:

[0.879385,0.532089,0.000000,-0.652704,-1.347296,-2.000000,-2.532089,-2.879385,-3.000000,-2.879385,-2.532089,-2.000000,-1.347296,-0.652704,-0.000000,0.532089,0.879385,1.000000,0.879385,0.532089,0.000000,-0.652704,-1.347296,-2.000000,-2.532089,-2.879385,-3.000000,-2.879385,-2.532089,-2.000000,-1.347296,-0.652704,-0.000000,0.532089,0.879385,1.000000,0.879385]
Readable
0 0.879385
1 0.532089
2 0.000000
3 -0.652704
4 -1.347296
5 -2.000000
6 -2.532089
7 -2.879385
8 -3.000000
9 -2.879385
10 -2.532089
11 -2.000000
12 -1.347296
13 -0.652704
14 -0.000000
15 0.532089
16 0.879385
17 1.000000
18 0.879385
19 0.532089
20 0.000000
21 -0.652704
22 -1.347296
23 -2.000000
24 -2.532089
25 -2.879385
26 -3.000000
27 -2.879385
28 -2.532089
29 -2.000000
30 -1.347296
31 -0.652704
32 -0.000000
33 0.532089
34 0.879385
35 1.000000
36 0.879385


CPE :


[1.000000,0.966667,0.733333,0.366667,-0.133333,-0.700000,-1.133333,-1.333333,-1.200000,-1.133333,-1.133333,-1.000000,-1.000000,-0.983333,-0.966667,-0.950000,-0.950000,-0.950000,-1.150000,-1.150000,-1.150000,-1.150000,-1.150000,-1.166667,-1.166667,-1.133333,-1.066667,-1.133333,-1.233333,-1.300000,-1.200000,-0.800000,-0.233333,0.166667,0.666667,0.933333,6567.666667]
Readable
0 1.000000
1 0.966667
2 0.733333
3 0.366667
4 -0.133333
5 -0.700000
6 -1.133333
7 -1.333333
8 -1.200000
9 -1.133333
10 -1.133333
11 -1.000000
12 -1.000000
13 -0.983333
14 -0.966667
15 -0.950000
16 -0.950000
17 -0.950000
18 -1.150000
19 -1.150000
20 -1.150000
21 -1.150000
22 -1.150000
23 -1.166667
24 -1.166667
25 -1.133333
26 -1.066667
27 -1.133333
28 -1.233333
29 -1.300000
30 -1.200000
31 -0.800000
32 -0.233333
33 0.166667
34 0.666667
35 0.933333
36 6567.666667


