750
854
754
694
430
978
729
852
966
771
848
174
787
725
472
505
867
420
13
11
509
217
736
672
730
629
21
416
748
549
804
90
380
739
809
728
254
329
87
895
878
272
679
219
181
743
387
267
955
42
485
247
557
316
166
340
313
423
319
756
210
627
358
460
550
646
741
225
120
159
786
145
938
393
594
170
899
122
229
349
532
463
845
202
326
397
311
623
406
436
514
972
499
431
483
811
874
886
507
799
626
435
584
907
299
186
645
360
412
396
565
836
950
733
597
283
917
554
939
106
50
519
792
192
367
211
213
546
149
300
976
302
347
456
606
780
870
784
370
669
815
755
486
671
655
255
706
900
328
802
602
921
540
611
377
954
843
851
187
933
356
970
650
260
292
457
5
712
746
997
820
70
411
869
951
640
315
332
222
23
616
33
819
369
963
303
777
351
468
92
560
4
644
592
43
241
305
233
261
113
708
831
48
989
702
28
309
539
614
362
790
779
723
914
164
688
924
9
713
561
747
621
678
342
121
488
274
35
531
389
656
205
16
722
189
986
281
228
998
877
141
888
497
734
361
277
25
764
969
863
875
308
110
293
491
421
14
45
109
842
132
551
374
127
279
216
240
348
29
251
333
761
404
352
827
719
489
177
913
276
314
649
855
81
803
446
829
502
839
807
74
576
178
334
208
778
275
139
75
294
197
639
772
605
757
232
148
905
823
7
575
667
38
378
323
282
935
19
440
647
942
890
196
296
936
648
312
642
925
569
994
591
103
209
136
346
516
830
742
859
570
574
588
500
167
3
278
320
154
682
63
441
889
922
520
212
107
34
931
379
357
893
864
690
908
983
812
822
193
536
17
677
555
538
791
613
775
433
41
354
439
364
826
111
896
480
593
317
325
239
596
691
638
78
89
22
887
477
140
473
77
179
849
515
448
541
944
135
39
479
559
654
971
738
567
184
964
235
201
768
284
83
860
707
56
724
865
493
767
948
680
992
718
906
975
142
230
693
526
467
301
194
926
24
298
112
265
687
766
692
286
100
60
776
203
258
745
220
732
652
663
727
658
962
62
453
381
506
987
604
245
1
508
641
821
504
176
850
125
462
442
610
391
844
451
880
287
98
923
429
73
425
533
450
704
530
400
268
556
785
959
2 665
595 168
215 825
697 366
668 290
580 581
338 752
527 884
558 582
834 413
234 64
175 571
631 562
675 891
753 765
674 99
909 458
382 117
710 490
344 634
547 984
801 492
618 673
940 946
537 609
76 67
61 418
568 57
545 902
980 180
552 805
185 957
133 662
256 27
758 12
816 535
968 862
661 628
280 689
583 71
632 96
238 521
246 337
573 31
32 482
885 818
717 289
401 517
153 226
363 960
129 350
659 427
388 653
993 615
295 144
750 703
355 455
806 138
828 80
770 156
714 263
660 988
108 800
726 518
72 445
901 892
58 306
336 832
126 426
705 383
221 419
270 543
231 198
941 105
598 904
44 735
371 161
824 307
808 466
700 522
37 548
617 481
974 452
79 882
146 817
927 837
82 223
102 398
967 252
797 46
169 840
376 624
26 262
898 587
134 143
715 566
838 930
327 841
428 630
199 438
322 861
720 124
449 373
407 578
264 651
524 603
525 810
8 18
118 683
774 20
206 414
949 190
544 995
128 676
684 55
709 297
40 894
160 903
484 763
386 171
622 85
916 341
447 116
498 137
698 773
813 454
394 577
664 259
93 762
52 881
84 795
273 990
253 218
147 911
781 384
769 636
833 195
432 465
365 243
979 443
794 204
123 10
91 918
513 359
796 399
288 879
65 945
496 788
666 405
814 542
131 625
345 54
749 224
151 69
590 681
330 495
304 459
271 947
424 173
6 244
15 982
953 165
872 417
579 564
586 152
512 511
331 620
339 695
991 716
961 476
494 227
503 760
751 528
873 919
696 475
932 965
86 798
643 912
685 897
269 999
701 934
385 188
183 444
324 403
434 470
478 59
731 563
392 871
95 104
501 291
915 589
88 637
876 744
36 47
163 883
937 910
237 853
600 248
321 711
469 572
996 793
858 266
158 390
943 410
958 670
686 868
920 487
415 523
257 847
182 599
353 721
162 553
242 699
952 249
250 612
437 114
461 68
368 200
422 856
866 236
409 372
585 66
214 335
101 130
857 529
846 402
119 474
49 285
619 510
956 928
343 0
981 973
759 534
789 737
929 310
318 835
53 740
985 375
172 601
115 657
97 51
150 607
155 395
30 782
157 977
783 408
635 608
207 633
191 464
471 94
